Mailbox Address
